opencv viola-jones
scaleFactor, minNeighbors, avgIntersectionOverUnion
1.02, 0, 0.2807043184608148
1.02, 1, 0.2874851535023262
1.02, 3, 0.2613109868889373
1.02, 5, 0.24849252248667478
1.05, 0, 0.27303038131210167
1.05, 1, 0.2570683825236192
1.05, 3, 0.2238902066052755
1.05, 5, 0.1889122036226622
1.1, 5, 0.1303226105319286
1.1, 3, 0.1707666905292523
1.1, 1, 0.21949899676548332
1.1, 0, 0.2467129949528943

left right robi viola-jones stage 10 h 32 w 32 hitrate 0.99, 10 minuts per ear
1.05, 0, 0.020264967796297925
1.05, 1, 0.02412389734575842
1.05, 3, 0.02390541740054575
1.05, 5, 0.023847829219760766
1.05, 11, 0.022320411306067114
1.1, 0, 0.021221699819588158
1.1, 1, 0.025612751436642982
1.1, 3, 0.02660772817000115
1.1, 5, 0.026993237107694776
1.1, 7, 0.02672760782083326
1.1, 9, 0.027909342049283394
1.1, 11, 0.03019554124187852
1.1, 15, 0.027922015069344056
1.1, 21, 0.023686374475950133
1.2, 11, 0.027065357723962666
1.3, 1, 0.02392082143437829
1.3, 3, 0.023316996455642704
1.3, 5, 0.022345628315317004
1.3, 11, 0.02369450612111768

left right robi viola-jones stage 15 h 48 w 24 hitrate 0.95, 3 hures per ear
1.05, 1, 0.19674942066140932
1.05, 3, 0.22020711710606042
1.05, 5, 0.21615562707926197
1.05, 9, 0.20303459748687955
1.05, 11, 0.19638947799112585
1.05, 15, 0.1814194137533015
1.1, 1, 0.21739394786107427
1.1, 3, 0.20552841076965078
1.1, 5, 0.18681707539448186
1.1, 9, 0.1672674867685935
1.1, 11, 0.15825442724507294
1.1, 15, 0.13869931881210576
1.3, 1, 0.17322158821573205
1.3, 5, 0.09601507014053709
1.3, 11, 0.035004436700108735

